0.000000 4.532701 7.576661 10.546772 13.595845 16.781981 20.758609 21.377791 20.704395 19.483912 15.956153 13.271664 10.865718 7.004074 7.600912 4.848538 8.554909 10.934753 11.312969 14.905937 16.457134 16.478051 14.283113 15.669554 16.660801 14.852198 14.609257 17.199579 17.474163 16.076781 17.421280 19.387400 20.127041 24.165884 24.064745 22.387267 20.803273 19.091609 17.112174 17.542266 16.559877 19.255984 19.478006 22.154763 18.854734 19.587781 21.408585 19.842710 17.290020 12.829384 12.861511 15.288885 15.043011 14.410804 12.161501 9.805607 6.472640 4.086469 6.438391 10.725976 11.059046 15.367895 16.904527 19.910519 23.276304 24.832244 28.461324 30.450680 33.691716 36.897355 17.807111 21.720138 
4.532701 0.000000 4.482471 6.347752 9.655217 12.680898 16.484789 17.202190 16.804756 15.556774 12.422585 9.132835 7.295775 2.869436 5.048396 4.072063 8.072279 11.493320 10.854968 13.307328 14.146570 13.867894 11.350538 12.141213 13.190509 11.404718 10.640146 13.177486 13.750391 12.297699 13.332377 15.300643 15.805298 20.082873 19.778094 18.117291 16.536503 15.239195 13.396350 14.668478 14.313600 16.790577 16.997561 19.281080 15.640654 16.962404 18.374254 17.637132 16.057200 11.600017 12.476844 14.691916 14.136096 14.122813 11.703245 9.995382 8.663998 4.930730 6.038059 8.851835 7.551820 11.837390 12.760653 15.714943 18.894039 20.433570 24.019956 26.013089 29.273925 32.441267 15.088053 19.183148 
7.576661 4.482471 0.000000 4.463434 6.201588 9.930571 13.696181 14.543202 13.820634 13.055136 10.462742 7.502676 7.858553 5.073394 8.970153 8.172935 11.330668 13.926096 13.162091 15.291997 14.768531 15.357940 12.756470 12.954020 14.595686 13.327883 11.955936 14.291881 15.518539 14.095405 14.352750 16.239812 16.074997 20.076360 19.226893 17.315726 14.714949 13.463103 10.494441 11.641779 10.603090 13.071793 13.774115 16.613827 13.513747 15.803372 17.859232 17.617426 16.457711 12.543513 13.274988 14.880235 13.550074 13.433045 10.899168 8.564773 9.017272 5.079298 4.330304 4.780169 3.792730 8.337065 9.671250 13.126937 16.428380 18.689727 22.090834 24.767747 27.633645 30.624166 15.850197 19.179693 
10.546772 6.347752 4.463434 0.000000 4.150842 6.335489 10.310828 10.871185 10.505393 9.339826 6.957754 3.170398 4.813666 4.571172 8.566751 9.837424 12.940832 16.377466 15.065047 16.082083 15.411317 15.136341 12.466823 11.838120 13.029483 11.660291 9.607372 11.421232 12.653859 10.924207 10.589324 12.424807 12.171007 17.409973 16.293363 14.631922 12.356901 12.310390 9.852684 12.567504 12.472836 14.380670 15.084206 17.153098 13.672505 16.515157 17.631544 18.391813 18.241849 14.490055 15.905182 17.441471 16.210792 16.635945 14.237002 12.692862 13.297705 9.221878 8.785015 8.054568 4.729377 8.207947 7.304689 10.945503 13.407022 15.765251 18.968406 21.492401 24.539223 27.405806 15.765729 19.408680 
13.595845 9.655217 6.201588 4.150842 0.000000 4.507409 7.600216 8.760279 8.352163 8.121585 7.595347 4.865475 8.587388 8.523011 12.350545 13.011780 15.440179 18.196468 16.771352 17.408590 15.617276 16.106440 13.610350 12.554399 14.239394 13.559178 11.378046 12.850164 14.678871 13.413853 12.545055 14.039732 13.003089 16.993662 15.410981 13.521180 10.197539 10.251310 6.841081 9.766901 9.631761 11.070804 12.086222 14.239131 11.378841 15.050687 16.562199 17.843954 18.228268 15.206717 16.547983 17.490375 15.776741 16.295294 14.093799 12.794057 14.707582 11.217670 9.890695 7.111934 3.652902 4.924383 3.814016 7.952872 10.623300 13.617152 16.614207 19.793061 22.353339 25.079911 16.027206 18.759693 
16.781981 12.680898 9.930571 6.335489 4.507409 0.000000 4.596028 4.639486 4.355230 3.739264 4.939190 4.251466 8.700393 10.712561 14.270128 16.047339 18.702579 21.967138 20.365836 20.483512 18.787208 18.601058 16.191674 14.607218 15.725551 14.972898 12.397420 13.052688 14.677112 13.111570 11.444566 12.633705 11.426821 16.881241 14.883684 13.447471 10.548954 12.201724 9.590092 13.267976 13.446439 14.339775 15.494295 17.056578 14.332828 18.264028 19.013895 21.025019 21.993949 19.045859 20.655952 21.630854 20.015950 20.697523 18.536183 17.253727 18.846421 14.964727 13.973914 11.315333 8.117924 8.473368 4.776271 8.442736 9.070432 12.641486 14.939017 18.141853 20.698269 23.043481 18.667908 21.506869 
20.758609 16.484789 13.696181 10.310828 7.600216 4.596028 0.000000 2.769667 4.537046 5.428152 8.954786 8.425200 12.804155 14.602688 17.680822 19.451828 21.417191 24.416572 22.550258 21.873709 19.466578 19.393835 17.356728 15.267143 16.377907 16.271502 13.725178 13.693312 15.660881 14.723133 12.644974 13.205461 11.241415 15.155667 12.686095 11.442598 8.381410 11.111529 9.347428 13.333632 14.363895 14.387695 15.334014 15.922332 13.738379 17.950616 18.214179 21.051615 22.894043 20.704279 22.508909 23.044884 21.349722 22.368100 20.532343 19.971532 22.241153 18.763611 17.481999 14.300853 11.001524 9.357088 5.050194 6.333992 5.043635 9.200940 10.821905 14.467192 16.577952 18.712636 18.993099 21.072050 
21.377791 17.202190 14.543202 10.871185 8.760279 4.639486 2.769667 0.000000 2.612113 3.356324 7.612219 8.394963 12.503748 15.073718 18.251278 20.382949 22.769265 26.047939 24.257796 23.777437 21.708913 21.364515 19.221277 17.189103 18.055398 17.648494 15.000179 14.870040 16.512067 15.196939 12.936587 13.496755 11.813772 16.993040 14.544628 13.559484 10.950361 13.755843 11.857224 15.761847 16.359723 16.559823 17.728901 18.596582 16.387044 20.562332 20.790563 23.537990 25.200921 22.713841 24.493086 25.219539 23.553558 24.442559 22.462409 21.494456 23.389989 19.590423 18.511221 15.484103 12.385647 11.484226 7.204698 9.078524 7.367598 11.351316 12.500447 15.918045 18.040400 19.852866 21.210700 23.592787 
20.704395 16.804756 13.820634 10.505393 8.352163 4.355230 4.537046 2.612113 0.000000 2.361196 6.380303 8.133731 12.156090 14.800046 18.390043 20.308955 23.056419 26.273014 24.676087 24.670038 22.705067 22.582759 20.282834 18.489427 19.510854 18.903584 16.261533 16.476633 18.037526 16.460585 14.377803 15.196788 13.777863 19.245018 16.875329 15.723980 12.767740 15.077808 12.464453 15.992888 15.904303 16.293233 17.794382 19.264814 17.235213 21.501448 22.200919 24.614211 25.880020 23.185874 24.746708 25.541234 23.755753 24.394856 22.306101 20.846470 22.622372 18.734648 17.650503 14.492116 11.959800 11.516707 7.719648 10.475099 9.471147 13.660966 14.898640 18.469229 20.475276 22.207753 22.474677 24.918902 
19.483912 15.556774 13.055136 9.339826 8.121585 3.739264 5.428152 3.356324 2.361196 0.000000 4.468603 6.570358 10.229802 13.319280 16.738168 19.000385 21.925118 25.421868 23.831128 23.875416 22.316480 21.834725 19.469983 17.746928 18.534228 17.674491 15.011235 15.220213 16.531023 14.721894 12.660068 13.578404 12.466942 18.834465 16.645335 15.593358 13.090248 15.391363 13.019078 16.719790 16.717560 17.415588 18.771763 20.247000 17.764169 21.795556 22.292018 24.562068 25.679902 22.696298 24.336352 25.361338 23.751774 24.396802 22.205505 20.682855 22.024672 17.918796 17.113317 14.489711 11.690913 12.010061 8.118984 11.142080 10.347494 14.137859 15.641865 18.797557 21.183811 23.061336 22.010805 24.884060 
15.956153 12.422585 10.462742 6.957754 7.595347 4.939190 8.954786 7.612219 6.380303 4.468603 0.000000 4.386324 6.638599 10.139515 13.731546 16.035767 19.535337 23.233084 21.922223 22.634670 21.808562 21.165068 18.598972 17.386810 18.087470 16.696761 14.202167 14.963554 15.856449 13.578155 12.104819 13.523480 13.179639 20.319131 18.574343 17.391975 15.113174 16.629417 13.995303 17.304462 16.792820 18.156698 19.503505 21.543635 18.635037 22.237487 23.006784 24.564983 24.945168 21.381866 22.832177 24.249599 22.823537 23.191896 20.794482 18.737158 19.239842 14.842235 14.507409 12.831706 10.415080 12.415570 9.484373 13.294210 13.665806 17.031835 19.151921 21.962303 24.740467 26.910533 21.765871 25.227437 
13.271664 9.132835 7.502676 3.170398 4.865475 4.251466 8.425200 8.394963 8.133731 6.570358 4.386324 0.000000 4.516645 6.789448 10.289962 12.447983 15.531318 19.221046 17.748655 18.268685 17.476886 16.804542 14.222961 13.096966 13.925688 12.578490 10.148348 11.291442 12.429525 10.430636 9.382845 11.052984 10.679838 17.042833 15.617104 14.224668 12.126637 13.097343 10.884888 14.268303 14.385838 15.920265 16.781482 18.523142 15.132362 18.349310 18.998490 20.365716 20.738573 17.172527 18.787590 20.235256 18.981777 19.556891 17.218261 15.753871 16.414030 12.218399 11.826810 10.575012 7.193286 9.549388 7.063879 10.710547 12.126588 14.794289 17.604035 20.132439 23.189093 25.824107 17.440170 21.060428 
10.865718 7.295775 7.858553 4.813666 8.587388 8.700393 12.804155 12.503748 12.156090 10.229802 6.638599 4.516645 0.000000 4.553643 7.314106 10.213387 13.913243 18.062118 16.866134 17.894645 18.252439 16.996731 14.412211 13.892661 14.205719 12.198433 10.250701 11.677761 11.936033 9.445831 9.291612 11.234234 11.900083 18.944310 18.059185 16.870723 15.573998 16.128203 14.350194 17.293834 17.240871 19.189299 19.869654 21.735466 18.003036 20.477889 20.971268 21.692074 21.424679 17.315167 18.823810 20.762778 19.949186 20.339213 17.910184 16.188704 15.557230 11.176473 11.716363 12.184560 9.451560 12.953690 11.276404 14.664497 16.240474 18.328354 21.287198 23.233999 26.620373 29.363470 18.271718 22.549431 
7.004074 2.869436 5.073394 4.571172 8.523011 10.712561 14.602688 15.073718 14.800046 13.319280 10.139515 6.789448 4.553643 0.000000 4.434862 5.912395 9.718760 13.641073 12.623878 14.283853 14.931914 14.118188 11.500543 11.718565 12.459122 10.499781 9.222760 11.483871 11.970990 10.150537 10.898435 12.907336 13.481352 18.728031 18.250198 16.750906 15.352010 14.749098 13.047112 15.135821 15.086453 17.344010 17.669862 19.677498 15.858379 17.638367 18.565829 18.484796 17.560275 13.235623 14.526891 16.622707 15.989039 16.257298 13.847660 12.326755 11.445983 7.417659 8.170780 9.840037 7.518606 11.617178 11.507486 14.589452 17.263863 18.898812 22.335032 24.251199 27.613637 30.676545 15.418592 19.706500 
7.600912 5.048396 8.970153 8.566751 12.350545 14.270128 17.680822 18.251278 18.390043 16.738168 13.731546 10.289962 7.314106 4.434862 0.000000 4.334985 7.401172 11.945857 10.880407 12.268535 14.175635 12.423972 10.170543 10.935475 10.913468 8.557819 8.277590 10.519852 10.221795 8.746655 10.516663 12.376072 13.579071 18.344921 18.511673 17.313192 16.991195 16.238076 15.654420 17.654913 18.243376 20.445576 20.289253 21.696240 17.543191 18.359734 18.577942 18.109958 17.033893 12.644681 14.145354 16.545428 16.616130 17.106660 14.992951 14.340736 12.749763 9.725862 10.990027 13.531064 11.145884 14.799052 14.722135 17.016306 19.627169 20.370453 23.921924 25.078402 28.722180 31.954493 14.388408 19.194034 
4.848538 4.072063 8.172935 9.837424 13.011780 16.047339 19.451828 20.382949 20.308955 19.000385 16.035767 12.447983 10.213387 5.912395 4.334985 0.000000 4.467830 8.332165 7.852993 10.659629 12.684497 11.991126 9.883557 11.441747 12.135634 10.311880 10.541063 13.156573 13.338842 12.426854 14.166246 15.985222 16.801921 20.098604 20.363601 18.846573 18.019765 16.309662 15.417154 16.337129 16.562405 18.977146 18.661618 20.425409 16.591905 16.830352 17.843825 16.439771 14.395773 9.824095 10.703771 13.272098 13.466565 13.595961 11.552105 10.926050 8.902632 6.996948 8.419774 11.925240 10.641433 14.385625 15.595512 17.825964 21.162334 21.937851 25.690133 27.130624 30.546951 33.906458 13.660454 18.029119 
8.554909 8.072279 11.330668 12.940832 15.440179 18.702579 21.417191 22.769265 23.056419 21.925118 19.535337 15.531318 13.913243 9.718760 7.401172 4.467830 0.000000 4.656387 3.758148 6.746402 9.708771 9.053321 7.701341 10.041461 10.708557 9.500635 10.732934 13.242589 13.495138 13.519618 15.566508 17.080555 17.767796 19.111866 19.895128 18.435619 18.171514 15.877784 15.988172 16.391551 17.375721 19.532329 18.604905 19.649336 15.837134 14.875846 15.543021 13.435023 11.080068 6.819901 7.873790 10.496684 11.462820 11.992931 10.610080 11.657546 10.289103 10.089653 10.977359 14.215796 12.812946 15.604388 17.287695 18.562909 22.150006 22.113489 25.979724 26.978957 30.338917 33.877839 10.828719 15.057218 
10.934753 11.493320 13.926096 16.377466 18.196468 21.967138 24.416572 26.047939 26.273014 25.421868 23.233084 19.221046 18.062118 13.641073 11.945857 8.332165 4.656387 0.000000 2.536520 6.884215 9.590050 10.397877 9.885460 12.501681 13.588766 13.076397 14.511490 16.946820 17.470324 17.843306 19.805867 21.221329 21.641398 21.558114 22.481892 20.885444 20.395945 17.381080 17.550623 16.805680 17.683132 19.737782 18.478404 19.478804 16.322458 14.352578 15.656514 12.392231 8.763423 5.523839 5.088077 7.615037 9.296494 9.527813 9.006431 11.049868 10.000983 11.736644 12.272643 15.549447 15.064973 17.281052 19.855521 20.750537 24.727510 24.517537 28.408759 29.487140 32.553955 36.158277 11.452154 14.457147 
11.312969 10.854968 13.162091 15.065047 16.771352 20.365836 22.550258 24.257796 24.676087 23.831128 21.922223 17.748655 16.866134 12.623878 10.880407 7.852993 3.758148 2.536520 0.000000 4.593134 7.379783 7.906540 7.365161 10.004381 11.105038 10.752679 12.255576 14.618463 15.259875 15.828378 17.739194 19.061589 19.382672 19.024947 19.986335 18.431325 18.153320 15.240436 15.800502 15.443584 16.809424 18.711881 17.352124 17.979151 14.530944 12.615909 13.500515 10.593970 7.649222 3.981270 4.871156 7.302464 8.836590 9.650592 8.978916 11.365456 10.980324 11.919000 12.233004 15.012152 13.877403 15.801844 18.111603 18.727510 22.603485 22.180586 26.066267 27.018293 30.120669 33.737094 9.055710 12.469510 
14.905937 13.307328 15.291997 16.082083 17.408590 20.483512 21.873709 23.777437 24.670038 23.875416 22.634670 18.268685 17.894645 14.283853 12.268535 10.659629 6.746402 6.884215 4.593134 0.000000 4.610718 3.869671 4.764114 7.331446 8.056133 8.578069 10.589747 12.386234 13.131805 14.476147 16.337427 17.249922 17.386231 15.455247 16.841472 15.553705 16.183090 13.470195 15.334723 15.527117 17.933154 19.330982 17.615432 17.102500 13.430042 10.990977 10.400930 8.021545 6.971121 5.190974 7.358718 8.680819 10.238489 11.910203 11.586306 14.632010 15.086902 15.362867 15.366911 17.232554 15.134419 16.110719 17.856533 17.503705 21.034569 19.754103 23.539006 23.889876 26.999120 30.673469 5.280562 9.148315 
16.457134 14.146570 14.768531 15.411317 15.617276 18.787208 19.466578 21.708913 22.705067 22.316480 21.808562 17.476886 18.252439 14.931914 14.175635 12.684497 9.708771 9.590050 7.379783 4.610718 0.000000 4.193902 4.824546 6.201875 8.097626 9.476507 10.701208 12.296511 13.868307 15.292268 16.498975 17.295042 16.729965 13.523653 14.526144 12.922993 12.973700 9.718341 11.974417 11.823280 14.838614 15.760325 13.772726 12.686682 9.206942 6.442133 6.149678 4.034824 4.944843 4.890042 7.270450 7.366963 8.077235 10.301056 10.203163 13.758496 15.606806 15.770811 15.058092 15.715541 13.511056 13.246093 15.333112 14.275260 18.007434 16.657465 20.390357 21.139501 23.850552 27.501757 2.653399 5.395431 
16.478051 13.867894 15.357940 15.136341 16.106440 18.601058 19.393835 21.364515 22.582759 21.834725 21.165068 16.804542 16.996731 14.118188 12.423972 11.991126 9.053321 10.397877 7.906540 3.869671 4.193902 0.000000 2.689107 4.212876 4.754536 6.186885 8.115658 9.386518 10.469636 12.243742 13.790045 14.413392 14.263957 11.589890 13.065214 11.922880 13.142019 10.938605 13.604120 14.626858 17.625936 18.680377 16.969721 15.840199 11.869866 9.999224 8.166682 7.563733 8.683010 7.412682 10.040371 10.926110 11.840738 13.843842 13.311011 16.209844 17.216479 16.647356 16.399757 17.428520 14.533746 14.859738 15.879602 14.938767 18.056248 16.332897 20.034988 20.122019 23.303794 26.978497 2.776017 7.731564 
14.283113 11.350538 12.756470 12.466823 13.610350 16.191674 17.356728 19.221277 20.282834 19.469983 18.598972 14.222961 14.412211 11.500543 10.170543 9.883557 7.701341 9.885460 7.365161 4.764114 4.824546 2.689107 0.000000 2.725189 4.074119 4.748596 6.189599 8.034253 9.313600 10.590790 12.055985 12.967618 12.833588 11.711046 12.694452 11.308092 11.911765 9.824930 11.828671 13.176362 15.864358 17.138222 15.721355 15.168731 10.926703 9.990272 8.954268 8.652144 9.289628 6.838321 9.543522 10.781604 11.263930 13.065744 12.071712 14.421578 15.367087 14.331421 14.083741 15.074774 12.037855 12.769823 13.701212 13.315842 16.572974 15.447752 19.270631 19.820446 23.098008 26.720563 4.244228 9.216868 
15.669554 12.141213 12.954020 11.838120 12.554399 14.607218 15.267143 17.189103 18.489427 17.746928 17.386810 13.096966 13.892661 11.718565 10.935475 11.441747 10.041461 12.501681 10.004381 7.331446 6.201875 4.212876 2.725189 0.000000 2.726125 4.172675 4.788152 6.126854 7.961933 9.409032 10.393214 11.101485 10.589624 9.244855 10.024304 8.626335 9.508923 8.012654 10.514064 12.595126 15.604587 16.595862 15.276851 14.382472 10.029037 9.898711 8.285994 9.360644 11.012056 8.997014 11.697774 12.639663 12.707585 14.606126 13.515278 15.645846 16.977809 15.420113 14.958578 15.219868 11.662627 11.799557 12.049384 11.228132 14.149635 12.823192 16.619301 17.145973 20.476263 24.078466 4.870131 9.378762 
16.660801 13.190509 14.595686 13.029483 14.239394 15.725551 16.377907 18.055398 19.510854 18.534228 18.087470 13.925688 14.205719 12.459122 10.913468 12.135634 10.708557 13.588766 11.105038 8.056133 8.097626 4.754536 4.074119 2.726125 0.000000 2.579997 4.119202 4.691768 5.940275 7.937223 9.258463 9.704500 9.618425 8.600208 9.860729 9.037539 10.939181 10.204637 12.870636 15.249420 18.210250 19.218449 17.957985 16.928551 12.613033 12.354013 10.098875 11.259054 12.940687 10.907071 13.617025 14.754762 15.105842 16.973984 15.879972 17.882338 18.735382 16.984346 16.824728 17.381558 13.675973 14.116499 13.770049 12.964550 15.270194 13.578047 17.174525 17.073846 20.662095 24.235087 6.284433 10.922789 
14.852198 11.404718 13.327883 11.660291 13.559178 14.972898 16.271502 17.648494 18.903584 17.674491 16.696761 12.578490 12.198433 10.499781 8.557819 10.311880 9.500635 13.076397 10.752679 8.578069 9.476507 6.186885 4.748596 4.172675 2.579997 0.000000 2.686181 4.112749 4.668576 6.075373 7.876155 8.702951 9.180601 10.466107 11.421812 10.604189 12.081622 11.556249 13.453580 15.980555 18.465633 19.773823 18.782523 18.323015 13.902296 13.995673 12.307802 13.057614 14.029528 11.221353 13.807748 15.352570 15.689749 17.294011 15.911590 17.368651 17.680375 15.583275 15.720563 16.676182 12.995765 14.227408 13.696139 13.678262 15.946079 14.837914 18.425850 18.527622 22.248592 25.728787 8.175191 13.078898 
14.609257 10.640146 11.955936 9.607372 11.378046 12.397420 13.725178 15.000179 16.261533 15.011235 14.202167 10.148348 10.250701 9.222760 8.277590 10.541063 10.732934 14.511490 12.255576 10.589747 10.701208 8.115658 6.189599 4.788152 4.119202 2.686181 0.000000 2.725976 4.182409 4.745528 5.875940 6.965494 7.152973 10.074082 10.375341 9.416317 10.408570 10.474591 11.909491 14.958101 17.279528 18.543732 17.843425 17.617878 13.209369 14.186451 12.816124 14.101334 15.244523 12.275294 14.798481 16.277384 16.185634 17.694153 16.072316 17.055307 17.601103 14.960463 14.932291 15.350561 11.364775 12.550357 11.436697 11.724497 13.766571 13.149996 16.705973 17.217909 20.945070 24.317160 9.554460 14.145243 
17.199579 13.177486 14.291881 11.421232 12.850164 13.052688 13.693312 14.870040 16.476633 15.220213 14.963554 11.291442 11.677761 11.483871 10.519852 13.156573 13.242589 16.946820 14.618463 12.386234 12.296511 9.386518 8.034253 6.126854 4.691768 4.112749 2.725976 0.000000 2.635602 4.185438 4.726411 5.057800 5.125338 8.260143 8.653849 8.241884 10.218352 11.114397 13.106453 16.501109 19.100296 20.090097 19.366045 18.683185 14.390492 15.458677 13.425274 15.345479 17.087052 14.551204 17.163290 18.467462 18.389824 20.042964 18.527174 19.632349 20.310465 17.574708 17.496278 17.581187 13.415135 14.071135 12.301051 12.010060 13.244633 12.076939 15.344604 15.314782 19.196130 22.507181 10.668023 14.935780 
17.474163 13.750391 15.518539 12.653859 14.678871 14.677112 15.660881 16.512067 18.037526 16.531023 15.856449 12.429525 11.936033 11.970990 10.221795 13.338842 13.495138 17.470324 15.259875 13.131805 13.868307 10.469636 9.313600 7.961933 5.940275 4.668576 4.182409 2.635602 0.000000 2.857451 4.441983 4.617320 5.917813 9.946980 10.653051 10.595169 12.811004 13.718887 15.580442 18.904911 21.324473 22.472330 21.785661 21.218731 16.880812 17.689356 15.551196 17.139375 18.582522 15.834456 18.399589 19.939199 20.095351 21.663629 20.111368 21.075123 21.226152 18.425309 18.675198 19.234656 15.189098 16.345409 14.517331 14.540227 15.549323 14.389948 17.434526 17.019579 21.005469 24.216492 12.220490 16.744972 
16.076781 12.297699 14.095405 10.924207 13.413853 13.111570 14.723133 15.196939 16.460585 14.721894 13.578155 10.430636 9.445831 10.150537 8.746655 12.426854 13.519618 17.843306 15.828378 14.476147 15.292268 12.243742 10.590790 9.409032 7.937223 6.075373 4.745528 4.185438 2.857451 0.000000 2.720438 3.935516 5.803968 12.085435 12.256682 11.993599 13.435697 14.516803 15.568478 19.040046 20.968470 22.309063 21.947780 21.920893 17.593360 18.891806 17.312378 18.752110 19.787455 16.552814 18.953676 20.688214 20.650213 21.974093 20.161151 20.512216 20.372271 17.129555 17.528314 18.133278 14.166657 15.877964 13.772476 14.596427 15.525474 15.173178 18.158454 18.243551 22.197929 25.255201 14.010015 18.646781 
17.421280 13.332377 14.352750 10.589324 12.545055 11.444566 12.644974 12.936587 14.377803 12.660068 12.104819 9.382845 9.291612 10.898435 10.516663 14.166246 15.566508 19.805867 17.739194 16.337427 16.498975 13.790045 12.055985 10.393214 9.258463 7.876155 5.875940 4.726411 4.441983 2.720438 0.000000 2.025948 3.618002 11.540991 11.152349 10.989139 12.243911 14.013978 14.898516 18.743599 20.661263 21.795134 21.622461 21.553838 17.405657 19.271499 17.718103 19.679281 21.071656 17.992512 20.405613 21.957127 21.632426 22.976215 21.105438 21.286228 21.522951 18.011055 18.162808 18.116587 13.975623 15.254229 12.486509 13.268948 13.570209 13.491320 16.198665 16.479516 20.382812 23.270165 15.165682 19.446268 
19.387400 15.300643 16.239812 12.424807 14.039732 12.633705 13.205461 13.496755 15.196788 13.578404 13.523480 11.052984 11.234234 12.907336 12.376072 15.985222 17.080555 21.221329 19.061589 17.249922 17.295042 14.413392 12.967618 11.101485 9.704500 8.702951 6.965494 5.057800 4.617320 3.935516 2.025948 0.000000 2.633459 10.635033 10.317143 10.566279 12.431569 14.547202 15.868922 19.810952 21.982226 22.929292 22.664995 22.245353 18.171648 19.964972 18.011006 20.280819 22.026431 19.231403 21.737485 23.171119 22.895648 24.370394 22.605836 23.009774 23.388803 19.960349 20.046869 19.844412 15.621909 16.493886 13.534128 13.796008 13.605248 13.047831 15.469085 15.276747 19.245336 22.065717 15.704270 19.788126 
20.127041 15.805298 16.074997 12.171007 13.003089 11.426821 11.241415 11.813772 13.777863 12.466942 13.179639 10.679838 11.900083 13.481352 13.579071 16.801921 17.767796 21.641398 19.382672 17.386231 16.729965 14.263957 12.833588 10.589624 9.618425 9.180601 7.152973 5.125338 5.917813 5.803968 3.618002 2.633459 0.000000 8.977215 8.138964 8.354133 10.149987 12.689714 14.163367 18.254162 20.623718 21.306634 21.037020 20.389353 16.511564 18.615054 16.651076 19.353285 21.478012 19.006679 21.537391 22.707087 22.222425 23.788355 22.097882 22.644955 23.541713 20.179334 19.945314 19.183751 14.855492 15.046091 11.859185 11.621325 11.117113 10.452836 12.856442 12.903543 16.816375 19.676398 15.105584 18.735995 
24.165884 20.082873 20.076360 17.409973 16.993662 16.881241 15.155667 16.993040 19.245018 18.834465 20.319131 17.042833 18.944310 18.728031 18.344921 20.098604 19.111866 21.558114 19.024947 15.455247 13.523653 11.589890 11.711046 9.244855 8.600208 10.466107 10.074082 8.260143 9.946980 12.085435 11.540991 10.635033 8.977215 0.000000 2.823377 4.124960 8.599123 10.165923 14.089380 17.172999 20.872514 20.789248 19.530104 17.053147 13.775534 14.460137 10.884447 14.576824 18.192322 17.665140 20.311499 20.568573 20.372140 22.531541 21.713415 23.869885 25.783184 23.700735 22.969129 21.944067 17.860012 16.301333 14.619164 11.759407 11.885712 8.141192 10.613589 9.065627 12.609778 16.163823 11.200372 12.911169 
24.064745 19.778094 19.226893 16.293363 15.410981 14.883684 12.686095 14.544628 16.875329 16.645335 18.574343 15.617104 18.059185 18.250198 18.511673 20.363601 19.895128 22.481892 19.986335 16.841472 14.526144 13.065214 12.694452 10.024304 9.860729 11.421812 10.375341 8.653849 10.653051 12.256682 11.152349 10.317143 8.138964 2.823377 0.000000 2.310519 6.598804 9.114891 12.635983 16.073866 19.622996 19.390216 18.399494 16.101928 13.018324 14.578457 11.597247 15.535245 19.087736 18.356131 20.927981 21.147640 20.600610 22.651054 21.673651 23.480091 25.620701 23.264480 22.367551 20.847980 16.728053 14.830708 12.681452 9.654191 9.193410 5.440379 8.014029 7.220566 10.858463 14.387739 12.504333 14.086468 
22.387267 18.117291 17.315726 14.631922 13.521180 13.447471 11.442598 13.559484 15.723980 15.593358 17.391975 14.224668 16.870723 16.750906 17.313192 18.846573 18.435619 20.885444 18.431325 15.553705 12.922993 11.922880 11.308092 8.626335 9.037539 10.604189 9.416317 8.241884 10.595169 11.993599 10.989139 10.566279 8.354133 4.124960 2.310519 0.000000 4.509568 6.830329 10.365964 13.774719 17.327986 17.132767 16.138027 14.005058 10.787167 12.613680 10.071801 13.948774 17.358679 16.557781 19.058931 19.230415 18.533611 20.537714 19.532357 21.307850 23.613741 21.348316 20.332468 18.699170 14.661202 12.612119 10.772838 7.659682 8.045240 4.811835 8.235444 8.622672 11.922149 15.478366 11.160004 12.754170 
20.803273 16.536503 14.714949 12.356901 10.197539 10.548954 8.381410 10.950361 12.767740 13.090248 15.113174 12.126637 15.573998 15.352010 16.991195 18.019765 18.171514 20.395945 18.153320 16.183090 12.973700 13.142019 11.911765 9.508923 10.939181 12.081622 10.408570 10.218352 12.811004 13.435697 12.243911 12.431569 10.149987 8.599123 6.598804 4.509568 0.000000 4.053936 6.346782 10.058696 13.343589 12.994998 12.356226 10.845470 7.909661 11.164977 10.282563 13.829284 16.743566 15.742108 17.912448 17.935428 16.666710 18.404719 17.241197 18.551005 21.349247 19.040382 17.654419 15.258289 11.503384 8.645045 6.956506 3.233762 5.177788 4.476375 8.241520 10.754616 13.249407 16.515904 12.041618 13.287849 
19.091609 15.239195 13.463103 12.310390 10.251310 12.201724 11.111529 13.755843 15.077808 15.391363 16.629417 13.097343 16.128203 14.749098 16.238076 16.309662 15.877784 17.381080 15.240436 13.470195 9.718341 10.938605 9.824930 8.012654 10.204637 11.556249 10.474591 11.114397 13.718887 14.516803 14.013978 14.547202 12.689714 10.165923 9.114891 6.830329 4.053936 0.000000 4.561973 7.036332 10.867873 10.664515 9.416552 7.780324 4.089325 7.212374 7.239154 10.241254 12.960293 12.340353 14.339775 14.090271 12.774230 14.605916 13.691435 15.573596 18.691665 17.105943 15.569234 13.465149 10.222396 7.217776 7.827518 4.998825 8.734979 8.175829 11.811493 14.060601 16.297322 19.671662 9.354472 10.136103 
17.112174 13.396350 10.494441 9.852684 6.841081 9.590092 9.347428 11.857224 12.464453 13.019078 13.995303 10.884888 14.350194 13.047112 15.654420 15.417154 15.988172 17.550623 15.800502 15.334723 11.974417 13.604120 11.828671 10.514064 12.870636 13.453580 11.909491 13.106453 15.580442 15.568478 14.898516 15.868922 14.163367 14.089380 12.635983 10.365964 6.346782 4.561973 0.000000 4.372478 7.059355 7.221728 6.980362 7.675454 4.879147 9.207693 10.997298 12.871328 14.331157 12.914462 14.388621 14.330826 12.421874 13.618546 12.234150 12.958448 16.334269 14.442558 12.584295 9.579178 6.798537 2.804628 4.903253 4.460448 8.848772 10.471074 13.759708 16.939003 18.964133 21.989358 12.390114 13.527684 
17.542266 14.668478 11.641779 12.567504 9.766901 13.267976 13.333632 15.761847 15.992888 16.719790 17.304462 14.268303 17.293834 15.135821 17.654913 16.337129 16.391551 16.805680 15.443584 15.527117 11.823280 14.626858 13.176362 12.595126 15.249420 15.980555 14.958101 16.501109 18.904911 19.040046 18.743599 19.810952 18.254162 17.172999 16.073866 13.774719 10.058696 7.036332 4.372478 0.000000 4.221556 4.121260 2.907829 5.103581 4.131514 7.681722 11.074580 11.846663 12.618461 11.981033 12.744587 12.071319 9.742430 10.682733 9.777611 10.968293 15.116094 14.387184 12.214487 9.240242 8.326810 4.892003 8.837104 8.498068 12.731445 14.042695 17.146283 20.304945 21.917396 24.912649 13.002634 13.057410 
16.559877 14.313600 10.603090 12.472836 9.631761 13.446439 14.363895 16.359723 15.904303 16.717560 16.792820 14.385838 17.240871 15.086453 18.243376 16.562405 17.375721 17.683132 16.809424 17.933154 14.838614 17.625936 15.864358 15.604587 18.210250 18.465633 17.279528 19.100296 21.324473 20.968470 20.661263 21.982226 20.623718 20.872514 19.622996 17.327986 13.343589 10.867873 7.059355 4.221556 0.000000 2.789239 4.144627 8.452087 8.328634 11.370589 15.088836 15.218634 14.949641 13.711037 13.850787 13.429578 10.862319 10.863621 9.615663 9.196638 13.481047 12.834811 10.425559 6.756938 7.832589 5.685694 9.911895 11.100140 15.034700 17.244181 20.155568 23.681630 25.243337 28.023466 16.353172 16.788078 
19.255984 16.790577 13.071793 14.380670 11.070804 14.339775 14.387695 16.559823 16.293233 17.415588 18.156698 15.920265 19.189299 17.344010 20.445576 18.977146 19.532329 19.737782 18.711881 19.330982 15.760325 18.680377 17.138222 16.595862 19.218449 19.773823 18.543732 20.090097 22.472330 22.309063 21.795134 22.929292 21.306634 20.789248 19.390216 17.132767 12.994998 10.664515 7.221728 4.121260 2.789239 0.000000 2.700394 6.809957 7.956253 11.275958 14.915786 15.540371 15.903721 15.325840 15.584861 14.785917 12.203465 12.474371 11.639102 11.791035 16.184025 15.590120 13.193143 9.399498 9.939033 6.670333 10.427945 10.739756 14.392604 16.504280 19.091945 22.770795 23.927199 26.561800 17.083959 16.834194 
19.478006 16.997561 13.774115 15.084206 12.086222 15.494295 15.334014 17.728901 17.794382 18.771763 19.503505 16.781482 19.869654 17.669862 20.289253 18.661618 18.604905 18.478404 17.352124 17.615432 13.772726 16.969721 15.721355 15.276851 17.957985 18.782523 17.843425 19.366045 21.785661 21.947780 21.622461 22.664995 21.037020 19.530104 18.399494 16.138027 12.356226 9.416552 6.980362 2.907829 4.144627 2.700394 0.000000 4.525430 6.023821 8.809913 12.637331 13.128799 13.717414 13.709850 14.027712 12.923765 10.420634 11.051358 10.600315 11.770970 16.255461 16.057219 13.749508 10.583580 10.631947 7.264366 11.161599 10.688989 14.607843 15.988082 18.757449 22.086011 23.275324 26.098067 15.137113 14.411430 
22.154763 19.281080 16.613827 17.153098 14.239131 17.056578 15.922332 18.596582 19.264814 20.247000 21.543635 18.523142 21.735466 19.677498 21.696240 20.425409 19.649336 19.478804 17.979151 17.102500 12.686682 15.840199 15.168731 14.382472 16.928551 18.323015 17.617878 18.683185 21.218731 21.920893 21.553838 22.245353 20.389353 17.053147 16.101928 14.005058 10.845470 7.780324 7.675454 5.103581 8.452087 6.809957 4.525430 0.000000 4.440586 6.604103 9.677138 11.106413 13.091632 14.135419 14.926097 13.460018 11.435127 12.822349 12.858948 15.110111 19.400958 19.193235 17.079013 14.302616 13.254405 9.396127 12.317377 10.188409 13.741074 13.929753 16.527803 19.390660 20.297978 23.217123 13.541281 11.707623 
18.854734 15.640654 13.513747 13.672505 11.378841 14.332828 13.738379 16.387044 17.235213 17.764169 18.635037 15.132362 18.003036 15.858379 17.543191 16.591905 15.837134 16.322458 14.530944 13.430042 9.206942 11.869866 10.926703 10.029037 12.613033 13.902296 13.209369 14.390492 16.880812 17.593360 17.405657 18.171648 16.511564 13.775534 13.018324 10.787167 7.909661 4.089325 4.879147 4.131514 8.328634 7.956253 6.023821 4.440586 0.000000 4.600527 7.112276 8.803572 10.892178 10.973707 12.365509 11.542354 9.818440 11.549557 11.033171 13.340116 17.077267 16.362514 14.525967 12.340010 10.286881 7.023532 9.670317 7.741292 11.858063 11.813040 15.126439 17.615716 19.368445 22.624425 9.856970 9.455060 
19.587781 16.962404 15.803372 16.515157 15.050687 18.264028 17.950616 20.562332 21.501448 21.795556 22.237487 18.349310 20.477889 17.638367 18.359734 16.830352 14.875846 14.352578 12.615909 10.990977 6.442133 9.999224 9.990272 9.898711 12.354013 13.995673 14.186451 15.458677 17.689356 18.891806 19.271499 19.964972 18.615054 14.460137 14.578457 12.613680 11.164977 7.212374 9.207693 7.681722 11.370589 11.275958 8.809913 6.604103 4.600527 0.000000 4.529092 4.556702 7.150000 8.850764 10.127758 8.730572 7.761217 9.997496 10.339470 13.902772 17.344458 17.581990 16.028640 14.967879 13.277013 11.030200 13.821067 11.877527 15.788184 14.769531 18.116209 19.747452 21.560916 24.992221 7.506759 5.617780 
21.408585 18.374254 17.859232 17.631544 16.562199 19.013895 18.214179 20.790563 22.200919 22.292018 23.006784 18.998490 20.971268 18.565829 18.577942 17.843825 15.543021 15.656514 13.500515 10.400930 6.149678 8.166682 8.954268 8.285994 10.098875 12.307802 12.816124 13.425274 15.551196 17.312378 17.718103 18.011006 16.651076 10.884447 11.597247 10.071801 10.282563 7.239154 10.997298 11.074580 15.088836 14.915786 12.637331 9.677138 7.112276 4.529092 0.000000 4.488996 8.865464 10.502415 12.471233 11.548081 11.355646 13.746653 13.927778 17.435459 20.300195 20.048810 18.814094 18.000089 15.411178 13.289849 14.852803 12.169137 15.311568 13.085883 16.347525 16.996051 19.052738 22.635822 5.469248 3.138045 
19.842710 17.637132 17.617426 18.391813 17.843954 21.025019 21.051615 23.537990 24.614211 24.562068 24.564983 20.365716 21.692074 18.484796 18.109958 16.439771 13.435023 12.392231 10.593970 8.021545 4.034824 7.563733 8.652144 9.360644 11.259054 13.057614 14.101334 15.345479 17.139375 18.752110 19.679281 20.280819 19.353285 14.576824 15.535245 13.948774 13.829284 10.241254 12.871328 11.846663 15.218634 15.540371 13.128799 11.106413 8.803572 4.556702 4.488996 0.000000 4.613928 7.484602 8.970190 7.743117 8.255682 10.660931 11.355766 15.432594 18.004900 18.662408 17.600463 17.646152 15.817868 14.542910 16.994247 15.188935 18.875929 17.182504 20.621030 21.379198 23.534794 27.119295 5.092251 2.636461 
17.290020 16.057200 16.457711 18.241849 18.228268 21.993949 22.894043 25.200921 25.880020 25.679902 24.945168 20.738573 21.424679 17.560275 17.033893 14.395773 11.080068 8.763423 7.649222 6.971121 4.944843 8.683010 9.289628 11.012056 12.940687 14.029528 15.244523 17.087052 18.582522 19.787455 21.071656 22.026431 21.478012 18.192322 19.087736 17.358679 16.743566 12.960293 14.331157 12.618461 14.949641 15.903721 13.717414 13.091632 10.892178 7.150000 8.865464 4.613928 0.000000 4.583255 4.952824 3.553193 5.193234 7.256964 8.315406 12.629163 14.707367 16.259530 15.426055 16.404923 15.462277 15.220053 18.310281 17.512901 21.604210 20.606088 24.245545 25.324711 27.662062 31.247415 7.353258 7.129775 
12.829384 11.600017 12.543513 14.490055 15.206717 19.045859 20.704279 22.713841 23.185874 22.696298 21.381866 17.172527 17.315167 13.235623 12.644681 9.824095 6.819901 5.523839 3.981270 5.190974 4.890042 7.412682 6.838321 8.997014 10.907071 11.221353 12.275294 14.551204 15.834456 16.552814 17.992512 19.231403 19.006679 17.665140 18.356131 16.557781 15.742108 12.340353 12.914462 11.981033 13.711037 15.325840 13.709850 14.135419 10.973707 8.850764 10.502415 7.484602 4.583255 0.000000 2.728795 4.288994 5.347310 6.813883 6.421101 9.850023 11.135876 12.137693 11.642124 13.342016 12.248272 13.195822 16.030758 16.186011 20.312762 19.911014 23.754463 25.045367 27.810854 31.398278 7.294141 9.712769 
12.861511 12.476844 13.274988 15.905182 16.547983 20.655952 22.508909 24.493086 24.746708 24.336352 22.832177 18.787590 18.823810 14.526891 14.145354 10.703771 7.873790 5.088077 4.871156 7.358718 7.270450 10.040371 9.543522 11.697774 13.617025 13.807748 14.798481 17.163290 18.399589 18.953676 20.405613 21.737485 21.537391 20.311499 20.927981 19.058931 17.912448 14.339775 14.388621 12.744587 13.850787 15.584861 14.027712 14.926097 12.365509 10.127758 12.471233 8.970190 4.952824 2.728795 0.000000 2.735924 4.247139 4.956312 5.079474 8.744638 9.962933 11.967060 11.462837 13.487521 13.271206 14.364977 17.653143 18.053812 22.324894 22.177023 25.988538 27.483774 30.113261 33.666153 9.810109 11.453233 
15.288885 14.691916 14.880235 17.441471 17.490375 21.630854 23.044884 25.219539 25.541234 25.361338 24.249599 20.235256 20.762778 16.622707 16.545428 13.272098 10.496684 7.615037 7.302464 8.680819 7.366963 10.926110 10.781604 12.639663 14.754762 15.352570 16.277384 18.467462 19.939199 20.688214 21.957127 23.171119 22.707087 20.568573 21.147640 19.230415 17.935428 14.090271 14.330826 12.071319 13.429578 14.785917 12.923765 13.460018 11.542354 8.730572 11.548081 7.743117 3.553193 4.288994 2.735924 0.000000 2.655726 3.982791 5.304106 9.637390 11.745527 13.927454 13.049992 14.366576 14.297015 14.590290 18.165140 18.096791 22.423595 22.118513 25.815810 27.377468 29.715945 33.236541 10.009485 10.366310 
15.043011 14.136096 13.550074 16.210792 15.776741 20.015950 21.349722 23.553558 23.755753 23.751774 22.823537 18.981777 19.949186 15.989039 16.616130 13.466565 11.462820 9.296494 8.836590 10.238489 8.077235 11.840738 11.263930 12.707585 15.105842 15.689749 16.185634 18.389824 20.095351 20.650213 21.632426 22.895648 22.222425 20.372140 20.600610 18.533611 16.666710 12.774230 12.421874 9.742430 10.862319 12.203465 10.420634 11.435127 9.818440 7.761217 11.355646 8.255682 5.193234 5.347310 4.247139 2.655726 0.000000 2.426919 3.641611 8.072101 11.100970 13.020118 11.735249 12.380704 12.583632 12.531189 16.398078 16.448652 20.857761 20.937557 24.563801 26.519085 28.698282 32.124245 10.663725 10.835179 
14.410804 14.122813 13.433045 16.635945 16.295294 20.697523 22.368100 24.442559 24.394856 24.396802 23.191896 19.556891 20.339213 16.257298 17.106660 13.595961 11.992931 9.527813 9.650592 11.910203 10.301056 13.843842 13.065744 14.606126 16.973984 17.294011 17.694153 20.042964 21.663629 21.974093 22.976215 24.370394 23.788355 22.531541 22.651054 20.537714 18.404719 14.605916 13.618546 10.682733 10.863621 12.474371 11.051358 12.822349 11.549557 9.997496 13.746653 10.660931 7.256964 6.813883 4.956312 3.982791 2.426919 0.000000 2.558106 6.602919 9.631929 12.185836 10.910954 11.871252 12.883753 13.269855 17.336567 17.858646 22.304578 22.756408 26.365958 28.531794 30.696746 34.068696 12.906255 13.252354 
12.161501 11.703245 10.899168 14.237002 14.093799 18.536183 20.532343 22.462409 22.306101 22.205505 20.794482 17.218261 17.910184 13.847660 14.992951 11.552105 10.610080 9.006431 8.978916 11.586306 10.203163 13.311011 12.071712 13.515278 15.879972 15.911590 16.072316 18.527174 20.111368 20.161151 21.105438 22.605836 22.097882 21.713415 21.673651 19.532357 17.241197 13.691435 12.234150 9.777611 9.615663 11.639102 10.600315 12.858948 11.033171 10.339470 13.927778 11.355766 8.315406 6.421101 5.079474 5.304106 3.641611 2.558106 0.000000 4.455528 7.679835 9.740829 8.404878 9.550514 10.578885 11.529242 15.485620 16.488980 20.909621 21.684762 25.346033 27.640698 29.973428 33.322006 12.674570 13.842315 
9.805607 9.995382 8.564773 12.692862 12.794057 17.253727 19.971532 21.494456 20.846470 20.682855 18.737158 15.753871 16.188704 12.326755 14.340736 10.926050 11.657546 11.049868 11.365456 14.632010 13.758496 16.209844 14.421578 15.645846 17.882338 17.368651 17.055307 19.632349 21.075123 20.512216 21.286228 23.009774 22.644955 23.869885 23.480091 21.307850 18.551005 15.573596 12.958448 10.968293 9.196638 11.791035 11.770970 15.110111 13.340116 13.902772 17.435459 15.432594 12.629163 9.850023 8.744638 9.637390 8.072101 6.602919 4.455528 0.000000 4.642704 6.526761 4.956279 6.691177 9.203969 11.313333 15.078278 17.168191 21.389945 22.992769 26.555507 29.253117 31.656693 34.843731 15.981434 17.782417 
